vvvvvvvvvvvvvvvvvvvvvvvvvvvvvvvvvvvvvvvvvvvvvvvvvvvvvvvvvvvvvvvvvvvvv
Results of GA-MLP model with single label.
Accuracy for training: 1.0
Confusion matrix for training:
[[1. 0. 0. 0. 0. 0. 0. 0. 0.]
 [0. 1. 0. 0. 0. 0. 0. 0. 0.]
 [0. 0. 1. 0. 0. 0. 0. 0. 0.]
 [0. 0. 0. 1. 0. 0. 0. 0. 0.]
 [0. 0. 0. 0. 1. 0. 0. 0. 0.]
 [0. 0. 0. 0. 0. 1. 0. 0. 0.]
 [0. 0. 0. 0. 0. 0. 1. 0. 0.]
 [0. 0. 0. 0. 0. 0. 0. 1. 0.]
 [0. 0. 0. 0. 0. 0. 0. 0. 1.]]
Accuracy for testing: 0.95
Confusion matrix for testing:
[[0.96 0.   0.   0.   0.02 0.   0.   0.   0.01]
 [0.01 0.92 0.02 0.02 0.01 0.   0.01 0.   0.01]
 [0.02 0.   0.95 0.01 0.   0.   0.01 0.01 0.01]
 [0.   0.01 0.   0.95 0.02 0.   0.   0.01 0.02]
 [0.   0.   0.   0.   0.99 0.01 0.   0.   0.  ]
 [0.   0.   0.03 0.   0.04 0.93 0.   0.   0.  ]
 [0.   0.   0.02 0.05 0.   0.   0.93 0.   0.  ]
 [0.   0.08 0.   0.06 0.06 0.   0.   0.8  0.  ]
 [0.01 0.01 0.01 0.01 0.01 0.   0.   0.   0.94]]
ʌʌʌʌʌʌʌʌʌʌʌʌʌʌʌʌʌʌʌʌʌʌʌʌʌʌʌʌʌʌʌʌʌʌʌʌʌʌʌʌʌʌʌʌʌʌʌʌʌʌʌʌʌʌʌʌʌʌʌʌʌʌʌʌʌʌʌʌʌ